Name,Price in EUR,Motor type,Wattage,Weight,Stiftung Warentest score,Key features for families,Main drawbacks,Source
Dyson Supersonic (HD07 / Nural),309.99 - 500.00,Digital / BLDC,1600 W,0.50 kg - 0.66 kg,1.1 - 1.8 (Good),Intelligent heat control (measures 40x/sec); Scalp protection mode (Nural); magnetic attachments; balanced ergonomic design; child-safe heat levels; automatic pause.,Very high price point; high noise level (80.4 dB); missing storage hook; large amount of accessories requires space.,[1-10]
Laifen Mini,79.99 - 99.90,Brushless / Digital,1100 W,0.299 kg,Not in source,Dedicated Child Mode (38°C / 48°C); ultra-lightweight (299 g); quiet operation (62 dB); pet-friendly; Temperature Cycling mode.,Hair can tangle on highest speed; no separate cold button; not dual voltage; potentially insufficient for very thick hair.,[11-13]
Philips 5000 Series (BHD510/00),39.49 - 59.99,DC,2300 W,0.92 kg,1.8 (Good),ThermoShield technology for heat protection; 4x ionic care; 6 heat/speed settings; lightweight and easy for children to use.,High noise levels; attachments may turn during use; cold shot requires constant pressing; high power consumption.,"[1, 7, 8, 10, 14-18]"
Braun Satin Hair 7 SensoDryer (HD 785),80.51 - 103.00,AC,2000 W,0.98 kg,1.8 (Good),Thermo Sensor for active temperature control (600x/min); IONTEC for shine; built-in cooling system; fixed cold shot buttons.,Heavy weight and bulky design; unfavorable placement of switches.,"[1, 19-25]"
Braun Satin Hair 7 (HD 710 / HD 770),80.00 - 84.99,AC,2000 W,0.94 kg - 1.50 kg,2.0 (Good),Satin-Protect technology (limits temp to 70°C); Colour Saver and IONTEC technology; LED temperature display.,Very high weight (up to 1.5 kg) makes handling difficult; no diffuser included in some versions.,"[7, 9, 10, 26]"
Philips KidCare BHC198,Not in source,Not in source,Not in source,Not in source,Not in source,Designed for ages 3+; low noise (60 dB); ThermoProtect temperature limit (<60°C).,Not in source,[13]
Beurer HC 100 Excellence,89.29 - 92.92,Digital,1700 W,0.345 kg,Not in source,Ultra-lightweight (345 g); quiet operation; memory function for settings; magnetic attachments; cold shot for sensitive scalps.,No known drawbacks noted in review.,"[1, 27, 28]"
Severin S-Style Speed Pro (HT 0169),62.48 - 64.00,BLDC,2000 W,0.423 kg - 0.60 kg,Not in source,Exceptionally quiet operation (76.5 dB); lightweight design; ionic technology; 3 temperature and speed settings.,Not in source,"[1, 22, 27]"
Panasonic nanoe™ MOISTURE+ EH-NA0J,279.00,Not in source,1600 W,0.460 kg,Not in source,"Special modes for scalp, skin, and hair tip care; intense moisture technology; award-winning compact design.",Many settings can make it difficult to operate.,[9]
Valera Color Pro Light,Not in source,Professional,Not in source,0.470 kg,Not in source,Ultra-quiet (65 dB); flyweight design; ionic care; 3-meter Super-Flex cable.,High price compared to standard models.,[29]
GA.Ma iQ-2 Perfetto,Not in source,Not in source,2000 W,0.294 kg,Not in source,Extremely lightweight (294 g); self-cleaning system; Oxy Active technology; ideal for fine hair.,Not in source,[30]
Philips 7000 Series (BHD713/10),119.99,Not in source,1800 W,0.480 kg,Not in source,ThermoShield Advanced heat protection; very light and compact (suitable for travel); magnetic attachments.,Fast setting can feel too hot.,[9]
BaByliss Pro Drying Wand,238.00,Digital,1600 W,0.400 kg,Not in source,Extremely light and ergonomic to prevent arm fatigue; Dual-Ion technology; storage station included.,High price.,[9]
Koenic KHD 4221 (AC),20.00 - 25.00,AC,2200 W,0.651 kg - 0.69 kg,2.0 (Good),Price-performance winner; intuitive controls; includes diffuser for curls; 1.8 m cable.,Relatively heavy; loud (83 dB); attachments difficult to mount; wobbly cold button; slow to heat/cool.,"[1, 2, 7, 31]"
Grundig NaturaShine HD 8080,16.90 - 52.90,AC / DC,2300 W,0.98 kg - 1.26 kg,2.0 (Good),Smart On/Off sensor for automatic switching; ceramic coating with macadamia/coconut oil; 3 m long cable.,Very heavy and clunky for small hands; noisy operation.,"[5, 7, 8, 32-34]"
Remington PROluxe AC9140,35.00,AC,2400 W,0.605 kg - 1.20 kg,1.7 (Good),OPTIheat technology for targeted heat; ionic generator; 3 m salon-length cable for mobility.,Device and attachments become very hot; high weight; loud noise profile; hair can tangle.,"[1, 35-38]"
Panasonic EH-NA67,60.90,Not in source,2000 W,Not in source,Not in source,Oscillating quick-dry nozzle to eliminate hot spots; nanoe technology for moisture.,Oscillating nozzle creates helicopter-like noise; lacks dual-voltage.,"[5, 39]"
Remington Shine Therapy D5216,< 50.00,Not in source,2300 W,Not in source,Not in source,Budget friendly; 90% more ions for anti-frizz; 3 m cable.,Not in source,[30]
ghd helios,209.00,Brushless,1850 - 2200 W,0.780 kg,Not in source,Strong 120 km/h airflow for fast drying; precision nozzle; 3 m long cable.,High price; relatively heavy compared to other high-end digital models.,[9]
Babyliss Cordkeeper 2000,30.00,Not in source,1988 W,0.535 kg,Not in source,Retractable cable mechanism for tidy storage; excellent styling results.,Device becomes very hot; top-heavy; short cable (1.6 m).,[40]
Remington Pro-Air AC5999,27.99,AC,2300 W,1.30 kg,Not in source,Durable AC motor; affordable price; ionic technology; removable air filter for easy cleaning.,"Very heavy (1.3 kg), which can cause hand fatigue.","[1, 22]"
